23 31 50 101 48 0 0
25 15 50 123 40 0 0
32 82 43 76 20 0 0
27 26 25 116 59 0 0
30 47 21 105 50 0 0
25 18 43 92 75 0 0
49 31 30 98 45 0 0
105 40 68 25 15 0 0
73 18 52 89 21 0 0
29 34 51 97 42 0 0
0 53 5 83 112 0 0
0 42 19 86 106 0 0
34 31 72 91 25 0 0
0 9 0 92 152 0 0
0 12 5 96 140 0 0
8 51 8 110 76 0 0
28 24 20 116 65 0 0
27 10 24 62 130 0 0
54 40 32 72 55 0 0
24 12 10 82 125 0 0
17 11 43 98 84 0 0
16 12 41 94 90 0 0
0 2 16 75 160 0 0
67 65 32 52 37 0 0
27 25 10 106 85 0 0
92 32 75 27 11 16 0
0 5 21 0 203 0 24
84 0 0 0 0 0 169
87 0 0 0 0 0 166